-0.813395126154 -0.950208125107 -0.0282613265344 -0.907513257951 0.444036519331 -0.503764482391 1.54088349229 -0.305955580493 0.354914809907 1.04185473524
1.52245759161 -0.865684220439 -0.0543002420035 0.245226214155 -1.02517743265 0.259063824029 -0.745488710925 1.16819410988 0.0443249968458 -0.582385704818
-0.774822548517 1.13303892572 -0.563215409864 0.522279063117 0.427053974391 -0.26130482135 0.157210975267 -0.166833156941 0.330551605971 0.108090201631
-0.245361788123 0.27792138897 -0.0920065016369 -0.54074069974 1.02037036753 0.389765445606 0.283688070172 -0.280996517052 -0.135892701144 0.445450031524
0.114842897174 -0.135568915304 0.193430875993 -0.120084245346 -0.289630419399 0.143788952246 0.0935389429307 -0.0540510159812 -0.374337422327 0.223536756942
-0.339360194501 -0.120445111275 -0.299836269919 -0.349938113765 1.10974818536 0.0795891759715 -0.262925744402 -0.186269411301 0.89905705084 -0.246648504488
-0.0831116184333 0.599459765837 -0.408923544164 0.332101416735 -0.606687852117 -0.0635281310277 -0.547119389305 0.149273037312 -0.40597641043 -0.455007574596
0.701770470597 -0.333263651333 0.363053010069 0.0614928062462 -0.174342173606 0.162283323988 -0.299162627654 -0.190576389615 -0.0604461536797 -0.193010690447
0.53054853493 -0.280619710561 0.673567738184 0.436797885758 -0.188424295961 -0.155890170511 -0.495814636408 -0.225140158084 0.0583391343324 -0.105057560916
0.423420379389 -0.570399744477 0.0597225796416 0.358535438923 -0.362929070867 0.058755635655 -0.015874444824 -0.159257355103 -0.204546251024 -0.335517011252
