-0.97627081665 -1.07487624768 0.502637773114 -1.22182653255 0.683330390292 -1.03969042075 2.23709293722 -0.583436225769 0.0505950551989 1.39371440008
1.64899491031 -1.69638651989 0.0875428440196 0.366968135669 -1.97673573147 0.418346242547 -1.28562454053 2.58270483482 0.429093531782 -1.16539364567
-1.60086957971 1.87976425599 -0.895023413304 0.138039725086 1.22830593021 -0.462136655955 0.147411824006 -0.616260998955 1.55947012496 0.368116437858
-0.210299371422 0.350727828917 -0.204063910869 -0.682998109365 1.89117115289 0.497938247587 0.939725802768 -0.833715754409 -0.458148497535 0.748447921486
-0.0377918204918 0.377133765192 -0.0929454963434 -0.0341811354637 -0.742694178887 0.360744072644 0.54259989799 -0.32694947017 -0.775808047877 0.985619227887
-0.633084465948 -0.0366973615507 -0.792418088065 -0.366706219167 2.31793422151 0.0860478469053 -0.428727899586 -0.659809366715 1.73095961732 -0.34055287122
0.0552811736982 0.735333859666 -0.893419850104 0.5829146879 -0.934771781292 -0.276778813409 -0.746434165474 0.321500337668 -0.863644374873 -0.789419782945
1.77022926377 -0.801402422962 0.851579534465 0.192938200035 -0.515478248268 0.386979458967 -0.802464528037 -0.341923147493 -0.019669850553 -0.520866140208
1.0043460383 -0.834612112772 1.1755625842 0.66290285511 -0.32235294254 0.194634731465 -0.506263180479 -0.502357108757 -0.103879427841 -0.264729884411
0.584567344778 -1.30427985629 0.0972580736134 0.780474053505 -0.709642733656 0.372783097167 -0.383650658591 -0.360861532283 -0.603133545544 -0.666304767826
