-1.18480304623 -1.15440121363 0.51667022997 -1.55462420915 1.12980213241 -1.2786398146 2.40715426955 -0.90420755697 0.270044710736 1.79836114683
1.58648299855 -1.96826154334 0.115143162113 1.18000971773 -2.73703506424 0.763825674567 -1.62146850636 2.93613800138 0.490218276606 -1.60171177849
-1.96538886394 2.53097246693 -1.22737499357 -0.0281973831146 1.95246450766 -0.712246424627 0.284299478711 -0.66214266069 1.40532352629 0.50949776766
0.0662274975726 0.195537781495 -0.00807835790721 -1.03526054276 2.61988226628 0.468221704643 1.25618020715 -1.00327125704 -0.602990907738 0.64645367967
-0.248740780761 0.453501451378 -0.243580690613 -0.340366454726 -1.05445625964 0.305254295961 0.333996802036 -0.447295782967 -1.04838877754 1.91150845057
-0.8168209712 -0.308227612576 -0.874923946408 -0.583695107748 2.44243032988 0.0199676043086 -0.0491968988117 -0.752416877889 2.39030602432 -0.359732092675
0.117305576284 1.34607474968 -1.37372732151 0.876559737154 -1.26190499876 -0.535021890888 -1.14619339075 0.929156558536 -1.09536030786 -1.02586031608
2.22772444886 -1.0399399807 1.55144230572 0.164442293687 -0.684216861041 0.617615297917 -1.06307272758 -0.516671087793 -0.108267657012 -0.794824617032
1.30222291251 -0.956442119056 1.40090383326 0.886140657898 -0.276247610681 0.364615111155 -0.501735060747 -0.553287072866 -0.470136422137 -0.534000181497
0.788255477662 -1.57183790809 -0.0252164248294 0.86885150357 -0.860703875262 0.639216286128 -0.418778793404 -0.454566456352 -0.631668642127 -0.788774810953
