-1.06015417517 -0.981496467502 0.554720794339 -1.2274838844 0.820305250217 -0.922728904924 2.08710645044 -0.608016266732 0.0640960363373 1.21335816913
1.28561649867 -1.38550083627 -0.31005906228 0.301294383433 -1.83513743707 0.526249982035 -1.09117920818 2.2257105917 0.554287751385 -1.01844152664
-1.3084772047 1.63008205752 -0.767425467326 0.475492784305 0.945896369771 -0.351634632472 0.110857160688 -0.502091523384 0.98934328921 0.320291866263
-0.0261828959145 0.00600963520146 -0.0349890942721 -0.656246944461 1.6171882823 0.381381987849 0.823155203147 -0.578100591941 -0.295839207015 0.53923631161
0.12809079949 0.33842275666 0.0533265115138 -0.178180609218 -0.525677229859 0.122505036598 0.309118911921 -0.296631680579 -0.67052394781 0.856960301503
-0.449994040832 -0.258493896298 -0.607341523812 -0.380489009211 1.91379839637 0.137019242943 -0.482296838394 -0.486403625604 1.68931717098 -0.313506539775
-0.0428962429559 0.6253416852 -0.648917028738 0.608840356138 -0.759160852671 -0.304198191814 -0.763782072387 0.222893374929 -0.736967503475 -0.662391591132
1.32394681939 -0.620988184006 0.634777834433 0.140130738414 -0.367133919359 0.355576429278 -0.595597721862 -0.317482093233 -0.160476063491 -0.460279988528
1.09628525219 -0.549555915671 1.20931936599 0.63803555498 -0.260046928779 0.0967085848107 -0.328627156251 -0.469574865076 -0.233977191752 -0.214561897082
0.429044041465 -1.02752726664 -0.0067753772399 0.466929302316 -0.632918601715 0.268076703363 -0.0789438220815 -0.328297591549 -0.515555886864 -0.43878780003
