-0.339917483899 -0.745484478783 -0.022128119668 -0.459343792873 0.512701206162 -0.223881559692 0.797994078773 -0.185984409333 0.221387273869 0.354064792118
1.00407351146 -0.719376123797 -0.0577556612922 -0.0689585733915 -0.393295350368 0.123515573365 -0.684610171669 0.924285396645 0.0148380859487 -0.238888955375
-0.383954289514 0.590868152137 -0.229143946142 0.409884563107 0.109230283643 -0.130346901018 -0.134913488474 -0.132805612461 0.29830741605 0.0670900470888
-0.266146089817 0.215211604394 0.0145715276863 -0.33470638372 0.66917949393 0.133523750876 0.117490539679 -0.240545155845 0.00863228906147 0.166471030733
-0.296700416737 -0.1209167964 0.10948210746 -0.0551447047113 -0.0469757934049 -0.013535877983 0.319144407874 -0.104850083563 -0.0976933487835 0.301693326172
-0.147649275794 0.258664418805 -0.183033066054 -0.195934596725 0.256396583761 0.183039433673 -0.0500648209073 -0.0914079318732 0.431123001607 -0.108160487957
-0.0289158732866 0.0204659360405 -0.325973720638 0.454244487375 -0.328544293605 -0.187738956499 -0.317888094492 0.222857222311 -0.382151552076 -0.186261547408
0.703065115069 -0.261118227718 0.234512932331 0.0910540318764 -0.121808623368 0.115053472352 -0.223664700143 -0.131577042426 -0.0345097145863 -0.135816543867
0.377856794265 -0.202259720412 0.100008169055 0.395712031741 -0.0939655113521 -0.00822000341344 -0.240074916026 -0.136745476121 0.0208158451042 -0.15808732783
0.192620119254 -0.260671690778 0.0597903657079 -0.142495498115 -0.117696116841 0.160339700252 0.163933210156 -0.0958059173211 -0.17225777423 -0.126690738396
