-0.98762132723 -0.683170547789 0.472044329271 -1.05093088347 0.710063252546 -0.676936933897 1.58904749663 -0.457259414775 0.20131885551 1.06803205597
0.944988996732 -1.16558003096 -0.201622289824 0.315586150758 -1.38813019466 0.434732511231 -0.97130450076 1.69181444619 0.394828236214 -0.782798713296
-0.993180829245 1.57742088084 -0.649431198451 0.641248754364 0.546729893877 -0.269850816725 0.0256045324032 -0.323658081553 0.595665024212 0.019098079349
-0.285500417063 0.159111549726 -0.142947837541 -0.666991971248 1.4497993226 0.498886849784 0.568564888176 -0.424270440524 -0.236851008226 0.595267389178
0.322631432718 0.127839358915 0.243641853125 -0.296039714975 -0.431152086338 0.114767031441 0.249486286873 -0.169052996061 -0.519334502799 0.627189961156
-0.273325976247 -0.154052322416 -0.359281214918 -0.321787507989 1.18404935584 -0.00617971317868 -0.332315243016 -0.284802291978 1.1775421072 -0.194026409327
0.00541603807708 0.438841427666 -0.441133876313 0.47491092104 -0.65131583207 -0.122588906893 -0.68392315367 0.184893938041 -0.482696007369 -0.55191167544
0.912225476777 -0.500249319215 0.438560849512 -0.0104303605138 -0.248938361155 0.192670578485 -0.388319112869 -0.237529951915 -0.128486219048 -0.306539511116
0.983723149103 -0.658908996694 0.774862340644 0.480696714943 -0.325533772262 0.0836598553753 -0.308982901029 -0.325996271056 -0.0883541770816 -0.0136676231699
0.47368167225 -0.806570725007 -0.00890477666493 0.464430096402 -0.491450560075 -0.0270454462723 -0.0142761515452 -0.227600875794 -0.30510138773 -0.399730572691
