-1.10446764096 -1.17266252099 0.403659888452 -1.47528533816 1.08615091253 -1.13594136388 2.25118845885 -0.736515001295 0.211891527664 1.67638936663
1.6841614427 -1.74307627854 0.159720357961 0.893233699987 -2.49045190642 0.720909022388 -1.58842522617 2.60584364181 0.490201517736 -1.35133286665
-1.8082276951 2.39611548608 -1.056690719 -0.0405248601275 1.59325761873 -0.553771480818 0.231416707817 -0.774036944111 1.4734184402 0.419894689479
0.13441059006 0.339473185141 -0.122217017085 -0.897901341364 2.34298334227 0.608506625143 0.898808580076 -0.903774096971 -0.592698282128 0.480457959899
-0.329448454946 0.446092347757 -0.223777040805 -0.0929781204945 -0.875649967376 0.210289727296 0.720458397465 -0.387840470927 -0.876938276417 1.5649927491
-0.828193884927 -0.269630389372 -0.709023954451 -0.417263026503 2.36229106247 0.0686920048722 -0.294840811016 -0.669267714639 1.96363774289 -0.356064033414
0.100257226528 0.802312549059 -1.16656306995 0.840167803344 -1.06132629904 -0.488996149584 -0.935968743439 0.778842655551 -0.980091827151 -0.871823428441
1.88532211973 -0.982237594566 1.39405710268 0.212173330638 -0.56772648904 0.507376992052 -0.978625479985 -0.408616240207 -0.0967383111423 -0.661143019801
1.34601394913 -0.858278112721 1.18605695194 0.731528308141 -0.327441439639 0.140004773959 -0.538800522636 -0.549590433624 -0.16358040257 -0.41139057257
0.575952056421 -1.44899192777 -0.0676108041377 0.755830308515 -0.795890309605 0.523233051382 -0.355637913135 -0.409417269021 -0.461805216545 -0.750467971175
