-1.50067261744 -1.31674802843 0.568610019842 -1.56291134097 1.22744266762 -1.43444075702 2.49711853649 -0.860354635222 0.499009885931 2.07466785134
1.97160947198 -1.97253439034 0.342887730082 1.12452489917 -3.28993628708 1.02458617576 -1.51053975347 3.16653865572 0.156722280746 -1.8008922335
-2.1275186153 2.68374794529 -1.3517491391 0.442509309628 1.91469086458 -0.774789142143 0.0897840981484 -0.636904270541 1.47571456753 0.411873143119
0.166976560813 0.437984411946 -0.138470949481 -1.12563710104 3.10306545461 0.417405061335 1.43001668316 -1.17424867951 -0.904137553976 0.665999596178
-0.132479947656 0.709594866766 -0.341400463531 -0.758752000751 -1.0612289529 0.412254213254 0.529297806901 -0.474948325679 -1.24261326528 1.88684894982
-0.91085885069 -0.407827913804 -0.820970645344 -0.653532073598 2.57237053489 -0.0722085062613 0.0557988176469 -0.553752884476 2.40896148553 -0.320346938058
0.1175236684 1.21597402821 -1.2111895226 0.945768442035 -1.34241066839 -0.586808068563 -1.2949720126 0.95269448334 -1.20854186678 -1.06369529315
2.10084843429 -1.40552629426 1.51603519482 0.650521639841 -0.724487887707 0.534314241175 -1.31357893373 -0.537042765879 0.441402337309 -0.829782592657
1.40751068799 -1.01356433912 1.48924380221 0.848283707547 -0.376245107203 0.398052282145 -0.53159527555 -0.645098120022 -0.523882166437 -0.590787506767
0.857433841894 -1.49340524905 -0.00429875587653 0.742753287147 -0.93269769227 0.6596731439 -0.523475159468 -0.608743834087 -0.613145338366 -0.738265054963
